send message : 118
create channel : 121
react on message : 113
reply on message : 115
direct message : 90
load messages on signup : 232
load history (30 messages) : 100

New create channel experiment data :

7.486104965209961
8.491039276123047

9.50932502746582
8.658647537231445

8.20302963256836
11.110067367553711

9.710550308227539
11.627435684204102

7.656097412109375
12.887716293334961

25.344371795654297
14.165401458740234

8.996725082397461
18.355846405029297

8.991479873657227
17.145633697509766

9.552478790283203
17.81606674194336

9.629964828491211
19.91868019104004

8.543729782104492
22.84407615661621

9.435653686523438
22.463083267211914

11.074542999267578
32.80210494995117

9.827375411987305
25.728225708007812

9.668111801147461
26.453495025634766

8.64267349243164
28.551340103149414

9.69386100769043
30.450820922851562

8.985280990600586
31.748056411743164

10.464191436767578
32.86862373352051

11.382818222045898
44.51131820678711

8.980035781860352
36.21625900268555

9.400129318237305
37.09244728088379

9.729862213134766
38.6357307434082

7.035732269287109
40.36855697631836

9.596109390258789
42.85597801208496

10.121822357177734
44.484615325927734

10.105609893798828
46.45538330078125

9.053468704223633
102.20885276794434

10.100841522216797
79.09464836120605

9.756088256835938
79.73456382751465

8.98289680480957
85.26253700256348

9.34910774230957
55.75251579284668

10.417461395263672
54.35466766357422

8.694648742675781
73.43649864196777

10.123491287231445
57.74068832397461

10.093450546264648
58.197975158691406

17.328500747680664
80.5976390838623

9.340763092041016
61.21349334716797

10.323524475097656
66.02644920349121

10.254859924316406
63.11511993408203

8.222341537475586
65.1860237121582

9.16910171508789
66.32161140441895

9.685993194580078
72.67570495605469

9.220123291015625
69.68951225280762

9.543895721435547
71.13885879516602

9.356260299682617
83.87374877929688

9.26065444946289
75.0279426574707

8.707523345947266
75.61945915222168

10.030031204223633
79.09822463989258

8.839845657348633
81.56585693359375

10.754585266113281
82.07058906555176

11.29293441772461
83.8022232055664

9.78994369506836
84.3515396118164

10.262012481689453
84.90347862243652

9.507894515991211
103.12652587890625

10.238885879516602
89.93673324584961

9.669303894042969
92.52190589904785

11.455774307250977
91.72844886779785

10.431051254272461
93.38879585266113

9.90605354309082
102.18310356140137

10.369539260864258
98.04368019104004

9.361505508422852
99.36809539794922

13.354301452636719
105.78465461730957

12.727737426757812
115.28897285461426

10.153055191040039
101.39012336730957

10.667562484741211
101.46522521972656

9.614229202270508
104.95829582214355

10.807514190673828
104.73346710205078

10.435819625854492
106.9176197052002

9.70458984375
149.73855018615723

10.584115982055664
111.3138198852539

10.504722595214844
117.39611625671387

9.942293167114258
113.45720291137695

9.628534317016602
164.24107551574707

9.75179672241211
117.14673042297363

10.54692268371582
118.05939674377441

9.963512420654297
119.33016777038574

10.087013244628906
118.82805824279785

10.504961013793945
120.32341957092285

8.996725082397461
133.2693099975586

8.238077163696289
157.76443481445312

10.58
125.0

9.591
126.1

10.39
129.6

10.49
132.4

9.946
135.7

9.840
134.2

10.48
136.1

10.52
138.9

10.70
138.8

10.95
142.4

10.17
142.5

10.21
146.5

9.840
152.8


